0.000000 8283.570196
0.000200 9149.620761
0.000400 9605.370561
0.000600 9823.205896
0.000800 9922.242498
0.001000 9966.137627
0.001200 9985.322802
0.001400 9993.657279
0.001600 9997.260599
0.001800 9998.818855
0.002000 9999.490159
0.002200 9999.780769
0.002400 9999.905402
0.002600 9999.959279
0.002800 9999.981972
0.003000 9999.992405
0.003200 9999.997159
0.003400 9999.999059
0.003600 9999.999037
0.003800 10000.000005
0.004000 10000.000001
0.004200 10000.000000
0.004400 10000.000001
0.004600 10000.000003
0.004800 9999.999034
0.005000 9999.998075
0.005200 9999.996163
0.005400 9999.991382
0.005600 9999.980885
0.005800 9999.956085
0.006000 9999.896962
0.006200 9999.761713
0.006400 9999.448629
0.006600 9998.724062
0.006800 9997.053609
0.007000 9993.221560
0.007200 9984.504094
0.007400 9964.978833
0.007600 9922.446993
0.007800 9834.390266
0.008000 9668.943031
0.008200 9415.212336
0.008400 9181.262708
0.008600 9008.396070
0.008800 8889.050605
0.009000 8798.315388
0.009200 8705.541482
0.009400 8573.821558
0.009600 8360.774979
0.009800 8046.169583
0.010000 7721.371167
0.010200 7455.394793
0.010400 7261.996400
0.010600 7122.828521
0.010800 7010.296589
0.011000 6897.253879
0.011200 6761.960737
0.011400 6597.539445
0.011600 6424.414657
0.011800 6261.817600
0.012000 6122.590342
0.012200 6008.986452
0.012400 5914.924992
0.012600 5830.183900
0.012800 5743.890207
0.013000 5647.789276
0.013200 5540.119008
0.013400 5427.639898
0.013600 5318.514426
0.013800 5218.565877
0.014000 5129.325643
0.014200 5048.507172
0.014400 4971.914181
0.014600 4895.689256
0.014800 4818.223955
0.015000 4740.685116
0.015200 4665.149961
0.015400 4593.339273
0.015600 4526.212966
0.015800 4463.628793
0.016000 4404.374467
0.016200 4346.688437
0.016400 4289.034308
0.016600 4230.788274
0.016800 4172.386461
0.017000 4114.766128
0.017200 4058.825758
0.017400 4005.141232
0.017600 3953.840532
0.017800 3904.671839
0.018000 3857.239410
0.018200 3811.256362
0.018400 3766.620926
0.018600 3723.280126
0.018800 3681.093290
0.019000 3639.830101
0.019200 3599.255317
0.019400 3559.206701
0.019600 3519.608088
0.019800 3480.463599
0.020000 3441.842964
0.020200 3403.849303
0.020400 3366.555108
0.020600 3329.965359
0.020800 3294.032371
0.021000 3258.713606
0.021200 3224.012858
0.021400 3189.997796
0.021600 3156.768745
0.021800 3124.420439
0.022000 3092.984367
0.022200 3062.415942
0.022400 3032.592728
0.022600 3003.370791
0.022800 2974.615008
0.023000 2946.251435
0.023200 2918.250466
0.023400 2890.638705
0.023600 2863.439903
0.023800 2836.682923
0.024000 2810.347309
0.024200 2784.410658
0.024400 2758.816625
0.024600 2733.548502
0.024800 2708.576724
0.025000 2683.924496
0.025200 2659.572283
0.025400 2635.525326
0.025600 2611.701848
0.025800 2588.039273
0.026000 2564.380255
0.026200 2540.623816
0.026400 2516.584336
0.026600 2492.168416
0.026800 2467.179554
0.027000 2441.521980
0.027200 2414.948927
0.027400 2387.319958
0.027600 2358.299424
0.027800 2327.693724
0.028000 2295.089822
0.028200 2260.276733
0.028400 2222.801315
0.028600 2182.488366
0.028800 2138.892474
0.029000 2091.945368
0.029200 2041.291648
0.029400 1987.087758
0.029600 1929.188243
0.029800 1868.100711
0.030000 1803.967002
