0.000000 5.651446
0.000200 5.736209
0.000400 5.810368
0.000600 5.868740
0.000800 5.911431
0.001000 5.941222
0.001200 5.961412
0.001400 5.974843
0.001600 5.983674
0.001800 5.989436
0.002000 5.993178
0.002200 5.995600
0.002400 5.997164
0.002600 5.998172
0.002800 5.998822
0.003000 5.999238
0.003200 5.999505
0.003400 5.999674
0.003600 5.999779
0.003800 5.999840
0.004000 5.999869
0.004200 5.999872
0.004400 5.999851
0.004600 5.999799
0.004800 5.999708
0.005000 5.999559
0.005200 5.999323
0.005400 5.998953
0.005600 5.998376
0.005800 5.997478
0.006000 5.996084
0.006200 5.993920
0.006400 5.990566
0.006600 5.985379
0.006800 5.977382
0.007000 5.965111
0.007200 5.946434
0.007400 5.918389
0.007600 5.877229
0.007800 5.819141
0.008000 5.742536
0.008200 5.652638
0.008400 5.565015
0.008600 5.491642
0.008800 5.437998
0.009000 5.405815
0.009200 5.396287
0.009400 5.411972
0.009600 5.455913
0.009800 5.523728
0.010000 5.585309
0.010200 5.629623
0.010400 5.659951
0.010600 5.683890
0.010800 5.708625
0.011000 5.739457
0.011200 5.778717
0.011400 5.823488
0.011600 5.864141
0.011800 5.894860
0.012000 5.915831
0.012200 5.930600
0.012400 5.943447
0.012600 5.958013
0.012800 5.976680
0.013000 6.000076
0.013200 6.026553
0.013400 6.052555
0.013600 6.075506
0.013800 6.094992
0.014000 6.112205
0.014200 6.128878
0.014400 6.146407
0.014600 6.165280
0.014800 6.184833
0.015000 6.203581
0.015200 6.220224
0.015400 6.234329
0.015600 6.246370
0.015800 6.257368
0.016000 6.268428
0.016200 6.280362
0.016400 6.293468
0.016600 6.307476
0.016800 6.321746
0.017000 6.335662
0.017200 6.348932
0.017400 6.361633
0.017600 6.374073
0.017800 6.386560
0.018000 6.399226
0.018200 6.411941
0.018400 6.424374
0.018600 6.436154
0.018800 6.447033
0.019000 6.456966
0.019200 6.466108
0.019400 6.474727
0.019600 6.483099
0.019800 6.491409
0.020000 6.499701
0.020200 6.507894
0.020400 6.515850
0.020600 6.523445
0.020800 6.530618
0.021000 6.537368
0.021200 6.543734
0.021400 6.549751
0.021600 6.555417
0.021800 6.560693
0.022000 6.565515
0.022200 6.569826
0.022400 6.573595
0.022600 6.576824
0.022800 6.579541
0.023000 6.581777
0.023200 6.583546
0.023400 6.584829
0.023600 6.585571
0.023800 6.585689
0.024000 6.585088
0.024200 6.583668
0.024400 6.581337
0.024600 6.577999
0.024800 6.573561
0.025000 6.567917
0.025200 6.560952
0.025400 6.552533
0.025600 6.542528
0.025800 6.530788
0.026000 6.517170
0.026200 6.501515
0.026400 6.483664
0.026600 6.463433
0.026800 6.440632
0.027000 6.415040
0.027200 6.386430
0.027400 6.354549
0.027600 6.319147
0.027800 6.279955
0.028000 6.236725
0.028200 6.189192
0.028400 6.137129
0.028600 6.080304
0.028800 6.018541
0.029000 5.951676
0.029200 5.879627
0.029400 5.802344
0.029600 5.719886
0.029800 5.632355
0.030000 5.539982
